70, 72, 72
70, 74, 74
70, 76, 76
70, 78, 78
70, 80, 80
70, 85, 85
70, 90, 90
70, 95, 95
70, 100, 100
70, 105, 105
70, 110, 110
70, 115, 115
70, 120, 120
70, 125, 125
70, 130, 130
70, 135, 135
70, 140, 140
70, 145, 145
70, 150, 150
70, 155, 155
70, 160, 160
70, 165, 165
70, 170, 170
70, 175, 175
70, 180, 180
70, 185, 185
70, 190, 190
70, 195, 195
70, 200, 200
70, 205, 205
70, 210, 210
70, 215, 215
70, 220, 220
70, 225, 225
70, 230, 230
70, 235, 235
70, 240, 240
70, 245, 245
70, 250, 250
70, 255, 255
70, 260, 260
70, 265, 265
70, 270, 270
70, 275, 275
70, 277, 277
70, 279, 279
70, 281, 281
70, 283, 283
70, 285, 285
70, 287, 287
70, 289, 289
70, 291, 291
70, 293, 293
70, 295, 295
75, 77, 77
75, 79, 79
75, 81, 81
75, 83, 83
75, 85, 85
75, 90, 90
75, 95, 95
75, 100, 100
75, 105, 105
75, 110, 110
75, 115, 115
75, 120, 120
75, 125, 125
75, 130, 130
75, 135, 135
75, 140, 140
75, 145, 145
75, 150, 150
75, 155, 155
75, 160, 160
75, 165, 165
75, 170, 170
75, 175, 175
75, 180, 180
75, 185, 185
75, 190, 190
75, 195, 195
75, 200, 200
75, 205, 205
75, 210, 210
75, 215, 215
75, 220, 220
75, 225, 225
75, 230, 230
75, 235, 235
75, 240, 240
75, 245, 245
75, 250, 250
75, 255, 255
75, 260, 260
75, 265, 265
75, 270, 270
75, 272, 272
75, 274, 274
75, 276, 276
75, 278, 278
75, 280, 280
75, 282, 282
75, 284, 284
75, 286, 286
75, 288, 288
75, 290, 290
80, 82, 82
80, 84, 84
80, 86, 86
80, 88, 88
80, 90, 90
80, 95, 95
80, 100, 100
80, 105, 105
80, 110, 110
80, 115, 115
80, 120, 120
80, 125, 125
80, 130, 130
80, 135, 135
80, 140, 140
80, 145, 145
80, 150, 150
80, 155, 155
80, 160, 160
80, 165, 165
80, 170, 170
80, 175, 175
80, 180, 180
80, 185, 185
80, 190, 190
80, 195, 195
80, 200, 200
80, 205, 205
80, 210, 210
80, 215, 215
80, 220, 220
80, 225, 225
80, 230, 230
80, 235, 235
80, 240, 240
80, 245, 245
80, 250, 250
80, 255, 255
80, 260, 260
80, 265, 265
80, 267, 267
80, 269, 269
80, 271, 271
80, 273, 273
80, 275, 275
80, 277, 277
80, 279, 279
80, 281, 281
80, 283, 283
80, 285, 285
85, 87, 87
85, 89, 89
85, 91, 91
85, 93, 93
85, 95, 95
85, 100, 100
85, 105, 105
85, 110, 110
85, 115, 115
85, 120, 120
85, 125, 125
85, 130, 130
85, 135, 135
85, 140, 140
85, 145, 145
85, 150, 150
85, 155, 155
85, 160, 160
85, 165, 165
85, 170, 170
85, 175, 175
85, 180, 180
85, 185, 185
85, 190, 190
85, 195, 195
85, 200, 200
85, 205, 205
85, 210, 210
85, 215, 215
85, 220, 220
85, 225, 225
85, 230, 230
85, 235, 235
85, 240, 240
85, 245, 245
85, 250, 250
85, 255, 255
85, 260, 260
85, 262, 262
85, 264, 264
85, 266, 266
85, 268, 268
85, 270, 270
85, 272, 272
85, 274, 274
85, 276, 276
85, 278, 278
85, 280, 280
90, 92, 92
90, 94, 94
90, 96, 96
90, 98, 98
90, 100, 100
90, 105, 105
90, 110, 110
90, 115, 115
90, 120, 120
90, 125, 125
90, 130, 130
90, 135, 135
90, 140, 140
90, 145, 145
90, 150, 150
90, 155, 155
90, 160, 160
90, 165, 165
90, 170, 170
90, 175, 175
90, 180, 180
90, 185, 185
90, 190, 190
90, 195, 195
90, 200, 200
90, 205, 205
90, 210, 210
90, 215, 215
90, 220, 220
90, 225, 225
90, 230, 230
90, 235, 235
90, 240, 240
90, 245, 245
90, 250, 250
90, 255, 255
90, 257, 257
90, 259, 259
90, 261, 261
90, 263, 263
90, 265, 265
90, 267, 267
90, 269, 269
90, 271, 271
90, 273, 273
90, 275, 275
95, 97, 97
95, 99, 99
95, 101, 101
95, 103, 103
95, 105, 105
95, 110, 110
95, 115, 115
95, 120, 120
95, 125, 125
95, 130, 130
95, 135, 135
95, 140, 140
95, 145, 145
95, 150, 150
95, 155, 155
95, 160, 160
95, 165, 165
95, 170, 170
95, 175, 175
95, 180, 180
95, 185, 185
95, 190, 190
95, 195, 195
95, 200, 200
95, 205, 205
95, 210, 210
95, 215, 215
95, 220, 220
95, 225, 225
95, 230, 230
95, 235, 235
95, 240, 240
95, 245, 245
95, 250, 250
95, 252, 252
95, 254, 254
95, 256, 256
95, 258, 258
95, 260, 260
95, 262, 262
95, 264, 264
95, 266, 266
95, 268, 268
95, 270, 270
100, 102, 102
100, 104, 104
100, 106, 106
100, 108, 108
100, 110, 110
100, 115, 115
100, 120, 120
100, 125, 125
100, 130, 130
100, 135, 135
100, 140, 140
100, 145, 145
100, 150, 150
100, 155, 155
100, 160, 160
100, 165, 165
100, 170, 170
100, 175, 175
100, 180, 180
100, 185, 185
100, 190, 190
100, 195, 195
100, 200, 200
100, 205, 205
100, 210, 210
100, 215, 215
100, 220, 220
100, 225, 225
100, 230, 230
100, 235, 235
100, 240, 240
100, 245, 245
100, 247, 247
100, 249, 249
100, 251, 251
100, 253, 253
100, 255, 255
100, 257, 257
100, 259, 259
100, 261, 261
100, 263, 263
100, 265, 265
105, 107, 107
105, 109, 109
105, 111, 111
105, 113, 113
105, 115, 115
105, 120, 120
105, 125, 125
105, 130, 130
105, 135, 135
105, 140, 140
105, 145, 145
105, 150, 150
105, 155, 155
105, 160, 160
105, 165, 165
105, 170, 170
105, 175, 175
105, 180, 180
105, 185, 185
105, 190, 190
105, 195, 195
105, 200, 200
105, 205, 205
105, 210, 210
105, 215, 215
105, 220, 220
105, 225, 225
105, 230, 230
105, 235, 235
105, 240, 240
105, 242, 242
105, 244, 244
105, 246, 246
105, 248, 248
105, 250, 250
105, 252, 252
105, 254, 254
105, 256, 256
105, 258, 258
105, 260, 260
110, 112, 112
110, 114, 114
110, 116, 116
110, 118, 118
110, 120, 120
110, 125, 125
110, 130, 130
110, 135, 135
110, 140, 140
110, 145, 145
110, 150, 150
110, 155, 155
110, 160, 160
110, 165, 165
110, 170, 170
110, 175, 175
110, 180, 180
110, 185, 185
110, 190, 190
110, 195, 195
110, 200, 200
110, 205, 205
110, 210, 210
110, 215, 215
110, 220, 220
110, 225, 225
110, 230, 230
110, 235, 235
110, 237, 237
110, 239, 239
110, 241, 241
110, 243, 243
110, 245, 245
110, 247, 247
110, 249, 249
110, 251, 251
110, 253, 253
110, 255, 255
115, 117, 117
115, 119, 119
115, 121, 121
115, 123, 123
115, 125, 125
115, 130, 130
115, 135, 135
115, 140, 140
115, 145, 145
115, 150, 150
115, 155, 155
115, 160, 160
115, 165, 165
115, 170, 170
115, 175, 175
115, 180, 180
115, 185, 185
115, 190, 190
115, 195, 195
115, 200, 200
115, 205, 205
115, 210, 210
115, 215, 215
115, 220, 220
115, 225, 225
115, 230, 230
115, 232, 232
115, 234, 234
115, 236, 236
115, 238, 238
115, 240, 240
115, 242, 242
115, 244, 244
115, 246, 246
115, 248, 248
115, 250, 250
120, 122, 122
120, 124, 124
120, 126, 126
120, 128, 128
120, 130, 130
120, 135, 135
120, 140, 140
120, 145, 145
120, 150, 150
120, 155, 155
120, 160, 160
120, 165, 165
120, 170, 170
120, 175, 175
120, 180, 180
120, 185, 185
120, 190, 190
120, 195, 195
120, 200, 200
120, 205, 205
120, 210, 210
120, 215, 215
120, 220, 220
120, 225, 225
120, 227, 227
120, 229, 229
120, 231, 231
120, 233, 233
120, 235, 235
120, 237, 237
120, 239, 239
120, 241, 241
120, 243, 243
120, 245, 245
125, 127, 127
125, 129, 129
125, 131, 131
125, 133, 133
125, 135, 135
125, 140, 140
125, 145, 145
125, 150, 150
125, 155, 155
125, 160, 160
125, 165, 165
125, 170, 170
125, 175, 175
125, 180, 180
125, 185, 185
125, 190, 190
125, 195, 195
125, 200, 200
125, 205, 205
125, 210, 210
125, 215, 215
125, 220, 220
125, 222, 222
125, 224, 224
125, 226, 226
125, 228, 228
125, 230, 230
125, 232, 232
125, 234, 234
125, 236, 236
125, 238, 238
125, 240, 240
130, 132, 132
130, 134, 134
130, 136, 136
130, 138, 138
130, 140, 140
130, 145, 145
130, 150, 150
130, 155, 155
130, 160, 160
130, 165, 165
130, 170, 170
130, 175, 175
130, 180, 180
130, 185, 185
130, 190, 190
130, 195, 195
130, 200, 200
130, 205, 205
130, 210, 210
130, 215, 215
130, 217, 217
130, 219, 219
130, 221, 221
130, 223, 223
130, 225, 225
130, 227, 227
130, 229, 229
130, 231, 231
130, 233, 233
130, 235, 235
135, 137, 137
135, 139, 139
135, 141, 141
135, 143, 143
135, 145, 145
135, 150, 150
135, 155, 155
135, 160, 160
135, 165, 165
135, 170, 170
135, 175, 175
135, 180, 180
135, 185, 185
135, 190, 190
135, 195, 195
135, 200, 200
135, 205, 205
135, 210, 210
135, 212, 212
135, 214, 214
135, 216, 216
135, 218, 218
135, 220, 220
135, 222, 222
135, 224, 224
135, 226, 226
135, 228, 228
135, 230, 230
140, 142, 142
140, 144, 144
140, 146, 146
140, 148, 148
140, 150, 150
140, 155, 155
140, 160, 160
140, 165, 165
140, 170, 170
140, 175, 175
140, 180, 180
140, 185, 185
140, 190, 190
140, 195, 195
140, 200, 200
140, 205, 205
140, 207, 207
140, 209, 209
140, 211, 211
140, 213, 213
140, 215, 215
140, 217, 217
140, 219, 219
140, 221, 221
140, 223, 223
140, 225, 225
145, 147, 147
145, 149, 149
145, 151, 151
145, 153, 153
145, 155, 155
145, 160, 160
145, 165, 165
145, 170, 170
145, 175, 175
145, 180, 180
145, 185, 185
145, 190, 190
145, 195, 195
145, 200, 200
145, 202, 202
145, 204, 204
145, 206, 206
145, 208, 208
145, 210, 210
145, 212, 212
145, 214, 214
145, 216, 216
145, 218, 218
145, 220, 220
150, 152, 152
150, 154, 154
150, 156, 156
150, 158, 158
150, 160, 160
150, 165, 165
150, 170, 170
150, 175, 175
150, 180, 180
150, 185, 185
150, 190, 190
150, 195, 195
150, 197, 197
150, 199, 199
150, 201, 201
150, 203, 203
150, 205, 205
150, 207, 207
150, 209, 209
150, 211, 211
150, 213, 213
150, 215, 215
155, 157, 157
155, 159, 159
155, 161, 161
155, 163, 163
155, 165, 165
155, 170, 170
155, 175, 175
155, 180, 180
155, 185, 185
155, 190, 190
155, 192, 192
155, 194, 194
155, 196, 196
155, 198, 198
155, 200, 200
155, 202, 202
155, 204, 204
155, 206, 206
155, 208, 208
155, 210, 210
160, 162, 162
160, 164, 164
160, 166, 166
160, 168, 168
160, 170, 170
160, 175, 175
160, 180, 180
160, 185, 185
160, 187, 187
160, 189, 189
160, 191, 191
160, 193, 193
160, 195, 195
160, 197, 197
160, 199, 199
160, 201, 201
160, 203, 203
160, 205, 205
165, 167, 167
165, 169, 169
165, 171, 171
165, 173, 173
165, 175, 175
165, 180, 180
165, 182, 182
165, 184, 184
165, 186, 186
165, 188, 188
165, 190, 190
165, 192, 192
165, 194, 194
165, 196, 196
165, 198, 198
165, 200, 200
170, 172, 172
170, 174, 174
170, 176, 176
170, 178, 178
170, 180, 180
170, 182, 182
170, 184, 184
170, 186, 186
170, 188, 188
170, 190, 190
170, 192, 192
170, 194, 194
175, 177, 177
175, 179, 179
175, 181, 181
175, 183, 183
175, 185, 185
175, 187, 187
175, 189, 189
180, 182, 182
180, 184, 184
